|=========================================|
|   0     0                     0^ 9 ^0   |
|   0     0                     0     0   |
|    0     0                   0     0    |
|    0     0                   0     0    |
|    0     0                   0     0    |
|     0     0                 0      0    |
|     0      0               0      0     |
|      0      00     @     00      0      |
|       0       000     000       0       |
|        0         00000         0        |
|         00                   00         |
|           000             000           |
|              0000     0000              |
|                  00000                  |
|=========================================|